##BLOCKS= 1          
Plate:	Plate#1	1.3	PlateFormat	Kinetic	Absorbance	Raw	FALSE	61	600	10				1	340	7	4	96	1	8	None	
Time(hh:mm:ss)	Temperature(C)	1	2	3	4	5	6	7	8	9	10	11	12		
0:00	25.10							0.2994	0.2992	0.2862	0.273				
								0.2971	0.2905	0.2792	0.2677				
								0.2816	0.2836	0.2732	0.2646				
								0.2699	0.2814	0.2688	0.281				
								0.2673	0.2938	0.2651	0.2695				
								0.267	0.2757	0.2725	0.2704				
								0.2573	0.2933	0.2482	0.2804				
								0.2361	0.271	0.2594	0.2835				
		
0:10	25.10							0.3096	0.3031	0.2957	0.2781				
								0.3044	0.2936	0.2866	0.2688				
								0.2865	0.2847	0.2774	0.2647				
								0.2742	0.2806	0.2721	0.2807				
								0.2691	0.2934	0.2646	0.2696				
								0.268	0.2767	0.2754	0.2694				
								0.2572	0.2934	0.2508	0.2821				
								0.2349	0.2695	0.2595	0.2809				
		
0:20	25.10							0.3179	0.3066	0.3039	0.2821				
								0.3124	0.297	0.2961	0.2708				
								0.2926	0.2869	0.2829	0.2665				
								0.2796	0.281	0.2754	0.2805				
								0.2712	0.2954	0.2679	0.27				
								0.2685	0.2757	0.2794	0.2688				
								0.2565	0.2908	0.2525	0.2827				
								0.2345	0.2693	0.2596	0.2802				
		
0:30	25.10							0.329	0.3099	0.3145	0.2853				
								0.3213	0.3006	0.3039	0.2763				
								0.3	0.2885	0.29	0.2684				
								0.2842	0.2807	0.2804	0.2801				
								0.2736	0.2974	0.2733	0.2705				
								0.2688	0.2779	0.2824	0.2701				
								0.2573	0.2913	0.2571	0.2839				
								0.2345	0.2687	0.2604	0.2801				
		
0:40	25.10							0.3386	0.3139	0.3265	0.2891				
								0.3315	0.3037	0.3075	0.2775				
								0.3086	0.2907	0.2972	0.2699				
								0.2888	0.2814	0.2852	0.2802				
								0.2759	0.2923	0.275	0.2713				
								0.2703	0.2787	0.2813	0.2706				
								0.2573	0.2916	0.2502	0.2837				
								0.2341	0.2685	0.2611	0.2801				
		
0:50	25.10							0.3485	0.3177	0.3382	0.2929				
								0.3417	0.3072	0.314	0.2792				
								0.3172	0.2933	0.3037	0.2724				
								0.2945	0.2825	0.2898	0.2803				
								0.2792	0.2925	0.2757	0.2712				
								0.2715	0.2799	0.2845	0.2702				
								0.2581	0.2919	0.2495	0.2835				
								0.2335	0.268	0.2636	0.2896				
		
1:00	25.10							0.3598	0.3207	0.348	0.2971				
								0.351	0.3106	0.3235	0.2826				
								0.3265	0.2955	0.3079	0.2742				
								0.3005	0.2836	0.2949	0.2822				
								0.2844	0.2929	0.2787	0.2713				
								0.2734	0.2809	0.2822	0.2697				
								0.2596	0.2924	0.2512	0.2844				
								0.232	0.2668	0.2609	0.2899				
		
1:10	25.10							0.3704	0.3254	0.3551	0.3005				
								0.3616	0.3138	0.3302	0.2858				
								0.3356	0.2985	0.3138	0.2754				
								0.3064	0.2837	0.3011	0.283				
								0.2879	0.2932	0.2838	0.2744				
								0.2757	0.2832	0.2828	0.2704				
								0.2612	0.2927	0.2524	0.2849				
								0.2315	0.2665	0.2571	0.2839				
		
1:20	25.10							0.3822	0.3289	0.3632	0.303				
								0.3721	0.3168	0.3409	0.2879				
								0.3447	0.3001	0.3198	0.277				
								0.3126	0.2846	0.3077	0.2845				
								0.2919	0.2938	0.2885	0.2734				
								0.2776	0.2858	0.2856	0.2715				
								0.262	0.2928	0.2542	0.2882				
								0.2315	0.2667	0.2553	0.2812				
		
1:30	25.10							0.3929	0.3318	0.3704	0.3059				
								0.3826	0.3204	0.3511	0.2894				
								0.3542	0.3021	0.3247	0.2781				
								0.3191	0.2849	0.3131	0.284				
								0.2962	0.2936	0.2931	0.2747				
								0.2796	0.2877	0.2879	0.2715				
								0.2638	0.2945	0.2562	0.2875				
								0.2311	0.2659	0.2532	0.2796				
		
1:40	25.10							0.4043	0.3351	0.378	0.309				
								0.3938	0.3239	0.358	0.2901				
								0.363	0.3042	0.3319	0.2793				
								0.3267	0.286	0.3187	0.2834				
								0.3004	0.2982	0.2961	0.2749				
								0.2826	0.2886	0.2919	0.2716				
								0.2645	0.2937	0.2586	0.2883				
								0.2312	0.2663	0.2561	0.2793				
		
1:50	25.10							0.4179	0.339	0.3879	0.3114				
								0.405	0.3277	0.3636	0.2903				
								0.3715	0.3074	0.3375	0.2815				
								0.3329	0.2864	0.3245	0.2829				
								0.3029	0.2949	0.2979	0.2758				
								0.2852	0.2898	0.2962	0.273				
								0.2665	0.2943	0.2576	0.2895				
								0.2307	0.2667	0.2563	0.2782				
		
2:00	25.10							0.4301	0.3408	0.3962	0.3137				
								0.4174	0.3297	0.3724	0.2911				
								0.3813	0.31	0.345	0.2832				
								0.3406	0.2873	0.3292	0.2834				
								0.3084	0.2951	0.3016	0.2776				
								0.2876	0.2913	0.3008	0.2741				
								0.2677	0.2953	0.2575	0.2898				
								0.231	0.2659	0.2563	0.277				
		
2:10	25.10							0.4413	0.3441	0.4044	0.3176				
								0.4329	0.3321	0.3807	0.2943				
								0.3908	0.3119	0.3525	0.2846				
								0.3475	0.2875	0.3358	0.2836				
								0.3124	0.2965	0.3057	0.2797				
								0.2902	0.2917	0.3038	0.2755				
								0.2693	0.2957	0.2594	0.2914				
								0.2318	0.2655	0.2562	0.2779				
		
2:20	25.10							0.4556	0.3467	0.4122	0.3207				
								0.4476	0.3347	0.3871	0.2969				
								0.4016	0.3142	0.3588	0.2858				
								0.3562	0.2891	0.3427	0.2845				
								0.3175	0.298	0.3099	0.28				
								0.2935	0.2931	0.3055	0.2787				
								0.2708	0.2979	0.2602	0.2919				
								0.2308	0.265	0.2578	0.2775				
		
2:30	25.10							0.4718	0.35	0.4215	0.3245				
								0.4599	0.3374	0.3958	0.2993				
								0.4147	0.3163	0.3655	0.2882				
								0.3634	0.29	0.3487	0.2845				
								0.3223	0.2996	0.3146	0.2813				
								0.2951	0.2955	0.3071	0.2797				
								0.2723	0.2991	0.263	0.2925				
								0.231	0.2648	0.2561	0.277				
		
2:40	25.10							0.4837	0.3524	0.4307	0.3265				
								0.4708	0.3408	0.4033	0.3008				
								0.4254	0.3176	0.3725	0.288				
								0.3705	0.2912	0.3538	0.2846				
								0.3268	0.3012	0.3192	0.2824				
								0.2962	0.2962	0.3088	0.2796				
								0.2741	0.2985	0.2647	0.2937				
								0.2319	0.2652	0.2569	0.2777				
		
2:50	25.10							0.495	0.3557	0.4405	0.3278				
								0.4812	0.3434	0.4131	0.3017				
								0.4358	0.3204	0.3776	0.2893				
								0.3763	0.2923	0.3594	0.2851				
								0.3318	0.3024	0.3234	0.2829				
								0.2989	0.2979	0.3095	0.2793				
								0.2774	0.2985	0.2671	0.2945				
								0.23	0.265	0.2559	0.2779				
		
3:00	25.10							0.5065	0.3571	0.4476	0.3291				
								0.4947	0.346	0.4218	0.3024				
								0.4433	0.3228	0.3841	0.2909				
								0.3835	0.2925	0.3653	0.2854				
								0.3369	0.303	0.3265	0.2833				
								0.303	0.3006	0.3108	0.2801				
								0.2788	0.2995	0.2684	0.2956				
								0.2272	0.2657	0.2566	0.2766				
		
3:10	25.10							0.5182	0.3608	0.4554	0.3295				
								0.5024	0.3474	0.4279	0.302				
								0.4515	0.3246	0.3897	0.2911				
								0.3899	0.2932	0.371	0.286				
								0.3415	0.3025	0.3297	0.2841				
								0.3058	0.3019	0.3146	0.2809				
								0.2796	0.3001	0.2706	0.2961				
								0.2272	0.2659	0.2559	0.2769				
		
3:20	25.10							0.5312	0.3638	0.4644	0.3314				
								0.5143	0.3492	0.4322	0.3034				
								0.4604	0.3265	0.3924	0.2926				
								0.3954	0.2935	0.3753	0.2871				
								0.3443	0.3023	0.332	0.2834				
								0.3079	0.3036	0.318	0.2822				
								0.281	0.3009	0.2701	0.2956				
								0.2279	0.2658	0.2543	0.2775				
		
3:30	25.10							0.5422	0.366	0.473	0.3334				
								0.5257	0.3512	0.4369	0.3045				
								0.4699	0.3273	0.397	0.2925				
								0.4019	0.2941	0.38	0.2871				
								0.3483	0.3027	0.3361	0.2826				
								0.3097	0.3045	0.3206	0.2828				
								0.2833	0.3014	0.2712	0.2965				
								0.2298	0.2657	0.2542	0.2771				
		
3:40	25.10							0.553	0.369	0.4811	0.3351				
								0.5358	0.3566	0.4423	0.3059				
								0.4782	0.3288	0.4019	0.2925				
								0.408	0.2959	0.3843	0.2883				
								0.3526	0.3038	0.3388	0.2824				
								0.3128	0.3071	0.3221	0.2833				
								0.2846	0.3017	0.2731	0.2971				
								0.2298	0.2657	0.2546	0.2769				
		
3:50	25.10							0.5637	0.3713	0.4875	0.3367				
								0.5474	0.356	0.4461	0.3066				
								0.4873	0.3301	0.4064	0.2915				
								0.4151	0.2967	0.3884	0.2883				
								0.3568	0.3042	0.3423	0.2831				
								0.316	0.308	0.3261	0.2837				
								0.2858	0.3024	0.2739	0.2986				
								0.231	0.2661	0.2547	0.2767				
		
4:00	25.10							0.5751	0.3731	0.4932	0.3381				
								0.5575	0.3574	0.45	0.3072				
								0.4963	0.3325	0.4112	0.2912				
								0.4218	0.2972	0.3923	0.2887				
								0.3612	0.3059	0.3453	0.2833				
								0.3181	0.3085	0.3294	0.2836				
								0.2868	0.3027	0.2754	0.2997				
								0.2308	0.2656	0.2557	0.2772				
		
4:10	25.10							0.587	0.3758	0.5006	0.3392				
								0.5687	0.3595	0.4576	0.3082				
								0.5061	0.3347	0.416	0.2921				
								0.4284	0.2985	0.3968	0.2895				
								0.366	0.3072	0.3486	0.2839				
								0.3209	0.3096	0.3306	0.2828				
								0.2878	0.3027	0.2776	0.3				
								0.2312	0.2655	0.2563	0.2772				
		
4:20	25.10							0.5983	0.3778	0.5079	0.3397				
								0.5798	0.361	0.4644	0.309				
								0.5151	0.3361	0.4208	0.2931				
								0.4344	0.2991	0.4011	0.2899				
								0.368	0.3071	0.3503	0.2849				
								0.3229	0.3107	0.332	0.2832				
								0.2894	0.3033	0.279	0.3013				
								0.2305	0.2656	0.2562	0.2774				
		
4:30	25.10							0.6096	0.3807	0.5153	0.3421				
								0.5898	0.3615	0.4719	0.3084				
								0.5228	0.336	0.4238	0.2942				
								0.4408	0.2998	0.4054	0.2898				
								0.3722	0.3079	0.3525	0.2849				
								0.3246	0.3119	0.3344	0.2825				
								0.2907	0.304	0.2788	0.3015				
								0.2302	0.2653	0.2565	0.278				
		
4:40	25.10							0.6214	0.3821	0.5205	0.3431				
								0.5995	0.3643	0.4734	0.3075				
								0.5314	0.3375	0.4272	0.2945				
								0.4472	0.3005	0.4098	0.289				
								0.3759	0.3085	0.3559	0.2847				
								0.3264	0.314	0.3363	0.2827				
								0.2934	0.3049	0.2797	0.3017				
								0.2306	0.265	0.2558	0.2774				
		
4:50	25.10							0.6315	0.3841	0.5263	0.3445				
								0.6093	0.3655	0.4771	0.3081				
								0.5396	0.3387	0.4314	0.2942				
								0.4534	0.3014	0.4137	0.2899				
								0.3802	0.3089	0.3598	0.2854				
								0.3293	0.3147	0.3386	0.2834				
								0.2945	0.3056	0.2825	0.3023				
								0.2305	0.2659	0.2554	0.278				
		
5:00	25.10							0.6432	0.3869	0.5331	0.346				
								0.62	0.3673	0.4808	0.3095				
								0.5491	0.3403	0.4363	0.2941				
								0.4588	0.3019	0.4176	0.2893				
								0.3833	0.309	0.3628	0.2852				
								0.3317	0.3155	0.3404	0.2845				
								0.2954	0.3054	0.2844	0.3017				
								0.2304	0.2651	0.2552	0.2773				
		
5:10	25.10							0.6547	0.3885	0.5399	0.3472				
								0.6302	0.3691	0.4846	0.3101				
								0.5581	0.3421	0.4391	0.295				
								0.4654	0.3035	0.4207	0.2896				
								0.3876	0.3098	0.3659	0.2854				
								0.3335	0.3156	0.3413	0.2854				
								0.2971	0.306	0.2847	0.3008				
								0.2313	0.265	0.2543	0.2771				
		
5:20	25.10							0.6669	0.3899	0.5458	0.3484				
								0.6398	0.3701	0.489	0.3115				
								0.5648	0.344	0.4427	0.2951				
								0.4718	0.3041	0.4238	0.2896				
								0.3918	0.31	0.3685	0.2862				
								0.3364	0.3173	0.3432	0.286				
								0.2992	0.3075	0.2863	0.3022				
								0.2303	0.2658	0.2537	0.2774				
		
5:30	25.10							0.6766	0.3928	0.5525	0.3493				
								0.6499	0.3724	0.4944	0.3122				
								0.5726	0.3448	0.4478	0.2959				
								0.4778	0.3046	0.4282	0.2898				
								0.3953	0.3101	0.3718	0.2863				
								0.338	0.3186	0.3461	0.2867				
								0.3008	0.3072	0.2881	0.303				
								0.2301	0.2659	0.2541	0.278				
		
5:40	25.10							0.6878	0.3937	0.5584	0.3506				
								0.6599	0.3738	0.4991	0.313				
								0.5813	0.3453	0.4504	0.2956				
								0.4843	0.3048	0.4323	0.2903				
								0.3995	0.3101	0.3741	0.2861				
								0.3401	0.3202	0.3478	0.2871				
								0.302	0.3084	0.2897	0.3035				
								0.2298	0.2662	0.2545	0.2775				
		
5:50	25.10							0.701	0.3955	0.5653	0.3521				
								0.6722	0.3758	0.5047	0.3136				
								0.5903	0.346	0.4538	0.2963				
								0.4899	0.305	0.4357	0.291				
								0.4033	0.3106	0.377	0.2865				
								0.3425	0.3213	0.35	0.2867				
								0.3039	0.3086	0.2913	0.3037				
								0.2311	0.2664	0.2541	0.2777				
		
6:00	25.10							0.7114	0.3972	0.5705	0.353				
								0.6833	0.3766	0.5083	0.3144				
								0.5978	0.347	0.4576	0.2974				
								0.4953	0.305	0.4396	0.291				
								0.407	0.3111	0.3791	0.2867				
								0.3451	0.322	0.3519	0.2874				
								0.3053	0.3084	0.2926	0.3038				
								0.231	0.2656	0.2557	0.2779				
		
6:10	25.10							0.7221	0.3984	0.5761	0.3543				
								0.6936	0.3776	0.5102	0.3145				
								0.6059	0.3484	0.4613	0.2977				
								0.5017	0.3057	0.4429	0.2911				
								0.4119	0.3126	0.3822	0.2871				
								0.3478	0.3227	0.3542	0.2891				
								0.3074	0.309	0.2951	0.3046				
								0.2313	0.2659	0.2556	0.2791				
		
6:20	25.10							0.7332	0.4001	0.5813	0.3547				
								0.7036	0.3796	0.5131	0.316				
								0.6145	0.3496	0.4631	0.2984				
								0.5078	0.3063	0.4464	0.2917				
								0.4175	0.3123	0.384	0.2879				
								0.3498	0.3243	0.3573	0.2894				
								0.3087	0.3095	0.2961	0.3045				
								0.2302	0.2659	0.2543	0.2771				
		
6:30	25.10							0.7435	0.4023	0.5864	0.3559				
								0.7118	0.3812	0.5171	0.3162				
								0.6218	0.3506	0.4658	0.2993				
								0.5133	0.3069	0.4496	0.2916				
								0.4196	0.3125	0.3863	0.2878				
								0.3523	0.3249	0.3581	0.2898				
								0.31	0.3091	0.297	0.304				
								0.2307	0.2666	0.2545	0.2774				
		
6:40	25.10							0.7541	0.4039	0.5912	0.3569				
								0.7222	0.3825	0.5209	0.3161				
								0.6298	0.3512	0.4689	0.2989				
								0.5189	0.3068	0.4523	0.2917				
								0.4232	0.3132	0.3893	0.2874				
								0.3552	0.3261	0.3604	0.2896				
								0.3098	0.3089	0.2984	0.304				
								0.2314	0.2666	0.2545	0.2779				
		
6:50	25.10							0.7646	0.4055	0.5965	0.358				
								0.732	0.3836	0.5242	0.3168				
								0.6386	0.3524	0.4721	0.2993				
								0.5249	0.3073	0.456	0.2923				
								0.4271	0.3132	0.3907	0.2874				
								0.3571	0.3251	0.362	0.2892				
								0.311	0.3096	0.3	0.3044				
								0.2313	0.2664	0.2539	0.2782				
		
7:00	25.10							0.7756	0.407	0.6013	0.3591				
								0.7421	0.3848	0.5282	0.3179				
								0.6463	0.3539	0.4754	0.2993				
								0.5306	0.3076	0.459	0.2929				
								0.4318	0.3149	0.3934	0.2883				
								0.3588	0.3261	0.3638	0.29				
								0.3123	0.3101	0.3004	0.3049				
								0.2312	0.2669	0.2552	0.2775				
		
7:10	25.10							0.7869	0.4097	0.6059	0.3598				
								0.7522	0.3859	0.5316	0.3188				
								0.653	0.3548	0.4774	0.3003				
								0.5363	0.3087	0.4623	0.2937				
								0.4368	0.3148	0.3962	0.2875				
								0.3623	0.3274	0.3662	0.2881				
								0.3125	0.3107	0.3015	0.3055				
								0.2312	0.2661	0.2551	0.2785				
		
7:20	25.10							0.7966	0.4116	0.611	0.3607				
								0.761	0.3877	0.5338	0.3194				
								0.6603	0.3549	0.4801	0.3011				
								0.5425	0.3097	0.465	0.2933				
								0.4391	0.315	0.3983	0.2886				
								0.3635	0.3281	0.3677	0.2894				
								0.3148	0.3105	0.3031	0.3052				
								0.2319	0.2662	0.2544	0.2785				
		
7:30	25.10							0.8075	0.4121	0.6164	0.3615				
								0.7694	0.3888	0.537	0.319				
								0.6688	0.3559	0.4832	0.3012				
								0.5479	0.3095	0.468	0.2935				
								0.4428	0.3154	0.3999	0.2886				
								0.3655	0.3276	0.3692	0.2883				
								0.3164	0.3112	0.3052	0.305				
								0.2316	0.2667	0.2549	0.2779				
		
7:40	25.10							0.8166	0.4136	0.6209	0.3623				
								0.7789	0.3892	0.5404	0.3189				
								0.6774	0.3562	0.4844	0.3007				
								0.554	0.3097	0.4701	0.2942				
								0.4452	0.3159	0.4023	0.2888				
								0.3671	0.3287	0.3711	0.2884				
								0.3174	0.3125	0.305	0.3053				
								0.2317	0.2664	0.2561	0.2777				
		
7:50	25.10							0.8264	0.4151	0.6245	0.3632				
								0.7882	0.3901	0.5439	0.3186				
								0.6849	0.3575	0.4873	0.301				
								0.5593	0.3105	0.4727	0.2942				
								0.448	0.3163	0.4043	0.2884				
								0.3693	0.3291	0.3722	0.2898				
								0.3191	0.3115	0.3065	0.305				
								0.2331	0.2665	0.2558	0.2784				
		
8:00	25.10							0.8364	0.4166	0.6279	0.3638				
								0.7972	0.3913	0.5472	0.3188				
								0.6951	0.3578	0.4903	0.3014				
								0.5652	0.3103	0.4758	0.2933				
								0.4518	0.3163	0.4056	0.2886				
								0.3717	0.3303	0.3734	0.2922				
								0.3198	0.3112	0.308	0.3053				
								0.2328	0.2674	0.2559	0.277				
		
8:10	25.10							0.8476	0.4185	0.6325	0.3648				
								0.8066	0.3935	0.5505	0.3198				
								0.702	0.3578	0.4918	0.3028				
								0.5719	0.311	0.4786	0.2947				
								0.4557	0.3166	0.4065	0.2891				
								0.3737	0.3307	0.3748	0.2901				
								0.3223	0.3121	0.3087	0.3059				
								0.2332	0.2684	0.2561	0.2778				
		
8:20	25.10							0.8567	0.4203	0.6369	0.3658				
								0.8162	0.3937	0.5534	0.321				
								0.7105	0.3585	0.4951	0.3038				
								0.5759	0.3115	0.4812	0.2948				
								0.4596	0.317	0.4094	0.2892				
								0.3772	0.331	0.3773	0.2909				
								0.323	0.3128	0.3098	0.3068				
								0.233	0.2682	0.2566	0.2779				
		
8:30	25.10							0.8671	0.4212	0.642	0.367				
								0.8251	0.3939	0.5561	0.3204				
								0.7174	0.3596	0.497	0.3032				
								0.5815	0.3125	0.483	0.2948				
								0.463	0.3173	0.4111	0.2897				
								0.3781	0.3318	0.3784	0.2919				
								0.3228	0.313	0.3129	0.3068				
								0.2327	0.2679	0.2568	0.278				
		
8:40	25.10							0.8772	0.4219	0.6466	0.3675				
								0.8342	0.3944	0.5588	0.3211				
								0.7242	0.3601	0.4988	0.3032				
								0.5869	0.3126	0.4858	0.2948				
								0.4662	0.3183	0.4125	0.2895				
								0.3803	0.3328	0.3801	0.2935				
								0.3243	0.3141	0.3131	0.3069				
								0.232	0.2669	0.257	0.2783				
		
8:50	25.10							0.8863	0.4241	0.6506	0.369				
								0.8442	0.3956	0.5613	0.3215				
								0.7329	0.361	0.5008	0.3035				
								0.5927	0.3117	0.4885	0.2949				
								0.4695	0.3187	0.415	0.29				
								0.3824	0.334	0.3821	0.2918				
								0.3265	0.314	0.314	0.3074				
								0.2325	0.2672	0.2568	0.2783				
		
9:00	25.10							0.896	0.426	0.6553	0.3699				
								0.8527	0.3966	0.5641	0.3222				
								0.7401	0.3621	0.5037	0.3041				
								0.598	0.3122	0.4905	0.2954				
								0.4739	0.3193	0.4167	0.2904				
								0.3843	0.334	0.3821	0.2926				
								0.3272	0.3144	0.315	0.3069				
								0.2322	0.2665	0.2573	0.2774				
		
9:10	25.10							0.9056	0.4267	0.6586	0.3715				
								0.8618	0.3968	0.5656	0.3215				
								0.7478	0.3625	0.506	0.3038				
								0.6035	0.3131	0.4924	0.2946				
								0.4777	0.318	0.4178	0.2901				
								0.3864	0.3341	0.3841	0.2925				
								0.3289	0.3146	0.3167	0.3072				
								0.2324	0.2672	0.257	0.2783				
		
9:20	25.10							0.9147	0.4274	0.6616	0.3716				
								0.8705	0.3979	0.5688	0.3224				
								0.7548	0.3632	0.5087	0.3042				
								0.6092	0.3149	0.4953	0.2949				
								0.4815	0.319	0.4185	0.2911				
								0.3891	0.3351	0.3869	0.2923				
								0.3308	0.3144	0.3178	0.3072				
								0.2329	0.2676	0.2572	0.279				
		
9:30	25.10							0.9246	0.4287	0.6655	0.3723				
								0.8796	0.3991	0.5724	0.3231				
								0.7626	0.3634	0.5103	0.3042				
								0.6148	0.3149	0.4979	0.2954				
								0.4854	0.3196	0.4209	0.2907				
								0.3913	0.3356	0.3878	0.2926				
								0.3318	0.3146	0.319	0.3083				
								0.2335	0.2671	0.2573	0.2781				
		
9:40	25.10							0.9341	0.4308	0.6703	0.3729				
								0.8898	0.3997	0.5749	0.3237				
								0.7703	0.3634	0.5114	0.3047				
								0.6204	0.3143	0.4999	0.2957				
								0.4893	0.3201	0.422	0.2909				
								0.3935	0.3366	0.3904	0.2938				
								0.3326	0.3155	0.3216	0.3086				
								0.2327	0.2671	0.2573	0.2781				
		
9:50	25.10							0.9439	0.4316	0.673	0.3743				
								0.8969	0.4009	0.5773	0.3235				
								0.7768	0.3643	0.5139	0.305				
								0.6259	0.315	0.502	0.2958				
								0.4929	0.3197	0.4249	0.2912				
								0.3959	0.3379	0.3913	0.295				
								0.3346	0.3165	0.321	0.3077				
								0.2332	0.267	0.2579	0.2786				
		
10:00	25.10							0.9537	0.4324	0.6763	0.3745				
								0.9057	0.4019	0.5789	0.3241				
								0.7848	0.3648	0.5157	0.3054				
								0.6318	0.3156	0.5043	0.2955				
								0.4961	0.3196	0.4269	0.2915				
								0.3979	0.3373	0.3924	0.2946				
								0.3354	0.3162	0.322	0.3089				
								0.2323	0.2674	0.2573	0.279				
		
Time(hh:mm:ss)		1	2	3	4	5	6	7	8	9	10	11	12		
								66.789487	12.927351	38.760571	9.026145			
								62.27505	10.649921	29.463141	4.900931			
								51.340011	8.140137	24.187456	3.590196			
								36.949212	3.687075	24.055812	1.547792			
								23.613919	2.884887	16.639427	2.053739			
								13.736415	6.463152	12.300254	2.410749			
								8.500089	2.538257	7.799048	2.686928			
								NoFit	NoFit	3.042857	-17.1			
~End
Copyright © 2003 Molecular Devices. All rights reserved.
