##BLOCKS= 1          
Plate:	Plate#1	1.3	PlateFormat	Endpoint	Absorbance	Reduced	FALSE	1						1	560	1	12	96	1	8	None	
		1	2	3	4	5	6	7	8	9	10	11	12		
		0.0623	0.5354	0.5244	0.4656	0.5448	0.5492	0.4565	0.4718	0.5212	0.5312	0.5208	0.0571	
		0.0549	0.0693	0.0722	0.0727	0.0676	0.1907	0.3844	0.351	0.4489	0.5478	0.4994	0.0607	
		0.0567	0.0689	0.0699	0.0629	0.0669	0.1816	0.3852	0.4715	0.4899	0.6038	0.5207	0.0674	
		0.0728	0.0701	0.0735	0.0912	0.0708	0.1781	0.4352	0.3696	0.5435	0.4836	0.5965	0.0508	
		0.0613	0.0746	0.0879	0.0762	0.0702	0.07	0.0776	0.3569	0.4948	0.4248	0.4546	0.0535	
		0.1241	0.0717	0.0761	0.0765	0.0752	0.0832	0.1688	0.3518	0.4231	0.505	0.5155	0.0489	
		0.0667	0.0734	0.0715	0.0977	0.0905	0.0687	0.0687	0.3578	0.4457	0.4959	0.5738	0.0547	
		0.0632	0.512	0.4445	0.5255	0.589	0.5615	0.6244	0.5862	0.5891	0.5772	0.617	0.0619	
~End
Copyright © 2003 Molecular Devices. All rights reserved.
