##BLOCKS= 1          
Plate:	Plate#1	1.3	PlateFormat	Kinetic	Absorbance	Reduced	FALSE	41	480	12				1	340	1	12	96	1	8	None	
Time(hh:mm:ss)	Temperature(C)	1	2	3	4	5	6	7	8	9	10	11	12		
0:00	30.00	0	0	0	0	0	0	0	0	0	0	0	0	
		0	0	0	0	0	0	0	0	0	0	0	0	
		0	0	0	0	0	0	0	0	0	0	0	0	
		0	0	0	0	0	0	0	0	0	0	0	0	
		0	0	0	0	0	0	0	0	0	0	0	0	
		0	0	0	0	0	0	0	0	0	0	0	0	
		0	0	0	0	0	0	0	0	0	0	0	0	
		0	0	0	0	0	0	0	0	0	0	0	0	
		
0:12	30.00	-0.0252	-0.0145	0.0044	0.0016	-0.0084	-0.0023	0.0016	0.0053	0.0008	-0.0012	0.0076	0.008	
		-0.0214	-0.0209	0.0043	0.0103	-0.0062	0.0053	-0.0021	0.0023	0.002	0.0021	-0.0018	-0.0145	
		-0.01	-0.0095	0.0032	0.0044	0.0027	0.0043	0.0057	0.0021	0.0006	0.0053	0.0126	0.0066	
		-0.0088	0.0019	0.0059	0.0053	-0.001	-0.0029	0.006	0.004	-0.0029	0.0138	0.0095	-0.0358	
		0.0162	0.0061	0.0117	0.0105	0.007	0.0185	0.0046	0.0032	0.0071	0.0062	0.0128	0.0026	
		0.0148	0.0038	0.0077	0.0067	0.0052	0.01	0.0056	0.0107	0.005	0.0096	0.0108	-0.0237	
		0.0291	0.0022	0.0015	0.0028	0.0064	0.0073	0.004	0.0068	0.0046	0.0095	0.0188	-0.0353	
		0.0144	-0.0018	0.0069	-0.0002	0.0046	0.0086	-0.0005	-0.0101	0.0321	0.0156	0.0116	-0.0464	
		
0:24	30.00	-0.0519	-0.0456	0.0004	-0.0019	-0.0168	-0.0076	-0.0009	0.0075	-0.0044	-0.0096	0.0205	0.0121	
		-0.0481	-0.0404	0.0004	0.0036	-0.0162	-0.0012	-0.0026	-0.0081	-0.0018	-0.0026	-0.0007	-0.0274	
		-0.0232	-0.0248	0.0031	0.0013	-0.0033	0.0035	0.0084	-0.0032	-0.0016	0.0044	0.0142	0.0014	
		-0.0089	-0.0034	0.004	0.0028	-0.0042	-0.0048	0.0118	0.0043	0.0033	0.0138	0.0086	-0.0492	
		0.018	0.0092	0.0117	0.0098	0.0066	0.0104	0.0107	0.0035	0.0042	0.0034	0.0158	0.0007	
		0.0245	0.0025	0.0101	0.0095	0.0115	0.01	0.0068	0.0128	0.0041	0.0098	0.0171	-0.0404	
		0.0285	0.0064	0.0037	-0.0003	0.0055	0.0079	0.0073	0.0064	0.0052	0.0097	0.0283	-0.0391	
		0.0092	-0.0023	0.0085	0.0015	0.0062	0.0112	-0.001	-0.0188	-0.0047	0.0131	0.022	-0.0559	
		
0:36	30.00	-0.0834	-0.0721	-0.0069	-0.0069	-0.0274	-0.0142	-0.0081	0.0066	-0.0112	-0.0147	0.0253	0.0137	
		-0.0773	-0.0651	-0.0126	-0.0023	-0.0262	-0.0103	-0.0045	0.0004	-0.0082	-0.0054	0.0003	-0.0278	
		-0.0414	-0.0477	-0.0007	-0.004	-0.0071	0.001	0.007	-0.0035	-0.0031	0.0012	0.0114	0.0028	
		-0.0206	-0.0163	0.0022	0.0045	-0.0104	-0.0098	0.0118	0.0027	0.0004	0.0031	0.0074	-0.0485	
		0.0037	0.0085	0.0114	0.0077	0.0052	0.0108	0.008	0.0019	-0.0011	0.0005	0.019	-0.0024	
		0.0175	0	0.0133	0.01	0.0104	0.0079	0.0079	0.0117	0.004	0.0088	0.0175	-0.0446	
		0.0395	0.004	0.0078	0.0041	0.004	0.0089	0.0082	-0.0161	0.004	0.011	0.0311	-0.0341	
		0.0108	0.0007	0.0103	0.0055	0.0068	0.0143	0.0052	-0.0225	-0.0156	0.0125	0.024	-0.054	
		
0:48	30.00	-0.1161	-0.1018	-0.0133	-0.0133	-0.0406	-0.0227	-0.0084	0.0032	-0.0185	-0.0219	0.0221	0.0147	
		-0.107	-0.0947	-0.0215	-0.0113	-0.0426	-0.0244	-0.0087	0.0026	-0.0159	-0.007	0	-0.0282	
		-0.0636	-0.0709	-0.0051	-0.0092	-0.013	-0.0085	0.0022	-0.0012	-0.0068	-0.0032	0.0088	0.0046	
		-0.035	-0.0311	0.0005	0.01	-0.0167	-0.0144	0.0096	-0.0001	-0.002	0.0037	0.0104	-0.0423	
		-0.0021	0.0057	0.0131	0.0073	0.0046	0.0094	0.0041	0.001	-0.0055	-0.0014	0.0216	-0.0018	
		0.0137	-0.0007	0.0121	0.0116	0.0072	0.0068	0.008	0.0116	0.0036	0.0075	0.0166	-0.043	
		0.0355	-0.0001	0.0109	0.005	-0.0001	0.0079	0.0081	-0.0363	0.0004	0.0112	0.0298	-0.0357	
		0.0099	-0.0006	0.0111	0.008	0.0068	0.0093	0.01	-0.0204	-0.0199	0.0116	0.0259	-0.0535	
		
1:00	30.00	-0.1499	-0.1364	-0.0179	-0.0209	-0.0542	-0.0352	-0.0129	-0.0013	-0.0262	-0.0292	0.021	0.0127	
		-0.1383	-0.1293	-0.0293	-0.0224	-0.0572	-0.0374	-0.0125	-0.0038	-0.0249	-0.0175	0	-0.0279	
		-0.0903	-0.0939	-0.0108	-0.0144	-0.0239	-0.017	-0.0003	-0.0018	0.003	-0.0091	0.0083	0.0022	
		-0.0516	-0.0483	-0.0019	0.0092	-0.0224	-0.019	0.0075	-0.0008	-0.0083	-0.003	0.0093	-0.05	
		-0.0108	-0.0015	0.0104	0.0054	0.0013	0.0091	0.001	0.0006	-0.0092	-0.0041	0.0243	-0.0048	
		0.0089	-0.0027	0.0094	0.0123	0.0056	0.002	0.006	0.008	0.0018	0.0061	0.0174	-0.0452	
		0.0237	-0.0055	0.0085	0.0039	0.0015	0.0045	0.0077	-0.0131	-0.0013	0.0109	0.0302	-0.0388	
		0.009	-0.0007	0.0104	0.0081	0.0046	0.0078	0.0119	-0.0198	-0.021	0.0118	0.0269	-0.0524	
		
1:12	30.00	-0.189	-0.176	-0.0259	-0.0293	-0.0704	-0.0521	-0.0158	-0.0052	-0.0367	-0.0378	0.0196	0.0108	
		-0.1713	-0.1671	-0.0375	-0.0282	-0.0725	-0.0512	-0.0168	-0.0091	-0.0322	-0.029	-0.0036	-0.0285	
		-0.1208	-0.1195	-0.0183	-0.0187	-0.0353	-0.0262	-0.0037	-0.0053	-0.0195	-0.0157	0.0065	0.0016	
		-0.0689	-0.0645	-0.0053	0.0063	-0.0295	-0.0256	0.0043	-0.0032	-0.0141	-0.0075	0.0065	-0.0501	
		-0.02	-0.0097	0.0086	0.0024	-0.0022	0.0073	-0.0017	-0.0017	-0.011	-0.0071	0.0259	-0.0053	
		0.0036	-0.008	0.0066	0.0102	0.0026	-0.0025	0.004	0.0067	-0.001	0.0039	0.0135	-0.0463	
		0.0164	-0.01	0.0066	0.0037	-0.0007	0.0012	0.0077	-0.0031	-0.003	0.0096	0.0305	-0.04	
		0.0068	-0.0033	0.0095	0.0059	0.006	0.0122	0.0122	-0.0197	-0.0224	0.0107	0.0252	-0.0529	
		
1:24	30.00	-0.226	-0.2156	-0.029	-0.0383	-0.0868	-0.0678	-0.0204	-0.0098	-0.0457	-0.0466	0.017	0.009	
		-0.2072	-0.2063	-0.0462	-0.0377	-0.0876	-0.0654	-0.0219	-0.0131	-0.0434	-0.0388	-0.006	-0.0313	
		-0.1494	-0.1485	-0.0256	-0.0285	-0.0451	-0.0362	-0.0077	-0.0089	-0.0266	-0.0226	0.0052	0.0023	
		-0.0851	-0.0815	-0.0082	-0.0018	-0.0357	-0.0337	0.0041	-0.0068	-0.0218	-0.0089	0.0086	-0.0497	
		-0.0299	-0.02	0.0052	-0.0002	-0.0059	0.0046	-0.0043	-0.004	-0.0141	-0.0101	0.0256	-0.0068	
		-0.002	-0.0131	0.0052	0.0078	-0.0006	-0.0072	0.0027	0.0044	-0.0029	0.003	0.0133	-0.0468	
		0.0138	-0.0122	0.0056	0.0024	-0.0023	0	0.0083	-0.0004	-0.003	0.0094	0.0291	-0.0384	
		0.0055	-0.0034	0.0102	0.0064	0.004	0.0117	0.0137	-0.0188	-0.0222	0.0111	0.0262	-0.0521	
		
1:36	30.00	-0.2651	-0.2571	-0.0413	-0.0462	-0.1031	-0.0833	-0.0232	-0.0086	-0.0564	-0.0559	0.0161	0.0078	
		-0.242	-0.2455	-0.0563	-0.0476	-0.1034	-0.0793	-0.0274	-0.0172	-0.0524	-0.0496	-0.0064	-0.0309	
		-0.1806	-0.1791	-0.0335	-0.0359	-0.0562	-0.0447	-0.0126	-0.0113	-0.0327	-0.0284	0.0037	0.0029	
		-0.1037	-0.0987	-0.0128	-0.0079	-0.042	-0.0388	-0.0021	-0.009	-0.0265	-0.0145	0.0083	-0.0471	
		-0.0413	-0.0293	0.0014	-0.0027	-0.0105	0.0021	-0.0081	-0.0047	-0.0165	-0.012	0.024	-0.0053	
		-0.0082	-0.0184	0.0038	0.0065	-0.003	-0.0102	0.0009	0.0016	-0.0053	0.0012	0.0133	-0.0468	
		0.01	-0.0147	0.0033	0.0014	-0.0043	-0.0021	0.0061	0.0005	-0.0051	0.0075	0.0301	-0.0395	
		0.0038	-0.0054	0.0093	0.0049	0.0028	0.0113	0.0134	-0.0199	-0.0234	0.0079	0.0275	-0.0545	
		
1:48	30.00	-0.3062	-0.3005	-0.0492	-0.0548	-0.1197	-0.0969	-0.0295	-0.0218	-0.0674	-0.0658	0.0159	0.0082	
		-0.2811	-0.2857	-0.0654	-0.0573	-0.1184	-0.0935	-0.0319	-0.0214	-0.063	-0.0599	-0.008	-0.03	
		-0.2106	-0.2092	-0.0392	-0.0432	-0.0663	-0.0529	-0.016	-0.0146	-0.0369	-0.0354	0.003	0.003	
		-0.1169	-0.1174	-0.0169	-0.009	-0.0471	-0.0462	-0.0037	-0.0113	-0.0317	-0.0187	0.0075	-0.0471	
		-0.0518	-0.0388	-0.0003	-0.0047	-0.0131	-0.0004	-0.0095	-0.0054	-0.0183	-0.0146	0.0218	-0.0026	
		-0.0144	-0.0241	0.0031	0.0046	-0.0047	-0.0125	0	-0.0006	-0.0074	0.0015	0.0131	-0.0456	
		0.0066	-0.0165	0.0008	0.0008	-0.0047	-0.0033	0.0048	0.0008	-0.0056	0.0069	0.0301	-0.0389	
		0.0022	-0.0078	0.0088	0.0033	0.0005	0.007	0.0122	-0.0207	-0.0235	0.0074	0.0265	-0.0539	
		
2:00	30.00	-0.349	-0.3444	-0.0577	-0.0641	-0.1374	-0.1135	-0.0382	-0.0181	-0.0781	-0.0758	0.0136	0.0066	
		-0.3193	-0.3261	-0.0757	-0.0668	-0.1351	-0.1083	-0.0374	-0.0264	-0.0748	-0.0715	-0.0087	-0.0324	
		-0.2369	-0.2397	-0.0459	-0.051	-0.0794	-0.062	-0.0205	-0.0196	-0.0498	-0.0437	0.0028	0.0008	
		-0.139	-0.1375	-0.0243	-0.0148	-0.0558	-0.0541	-0.0078	-0.014	-0.039	-0.0241	0.0066	-0.0496	
		-0.0616	-0.0485	-0.0028	-0.0075	-0.019	-0.0049	-0.0123	-0.0074	-0.0219	-0.0169	0.0209	-0.0053	
		-0.0222	-0.0301	0.001	0.0023	-0.0083	-0.0143	-0.0015	-0.003	-0.0096	-0.0004	0.0131	-0.047	
		0.003	-0.0203	-0.0019	-0.0012	-0.006	-0.006	0.0034	-0.001	-0.0076	0.0058	0.0293	-0.0394	
		0.0003	-0.0117	0.0076	0.0026	-0.0008	0.0043	0.0122	-0.0216	-0.0245	0.0067	0.0263	-0.0539	
		
2:12	30.00	-0.392	-0.3893	-0.0662	-0.0723	-0.154	-0.1294	-0.0432	-0.0338	-0.0904	-0.0847	0.0128	0.0052	
		-0.3587	-0.3671	-0.0846	-0.0754	-0.1514	-0.1231	-0.0425	-0.0301	-0.0856	-0.0815	-0.0099	-0.0328	
		-0.2639	-0.2706	-0.0537	-0.0574	-0.0911	-0.0714	-0.0246	-0.0243	-0.059	-0.051	0.0033	0.0003	
		-0.1584	-0.1567	-0.0301	-0.0157	-0.0627	-0.0609	-0.0105	-0.0162	-0.0449	-0.028	0.0051	-0.0496	
		-0.0722	-0.0584	-0.0057	-0.0102	-0.0226	-0.0098	-0.0149	-0.0096	-0.026	-0.0204	0.0208	-0.0021	
		-0.0284	-0.0365	-0.0012	0.0009	-0.0096	-0.016	-0.0033	-0.0058	-0.0122	-0.004	0.0124	-0.0469	
		0.0007	-0.0217	-0.003	-0.0026	-0.0077	-0.0076	0.0037	-0.0038	-0.0092	0.0055	0.029	-0.0418	
		0.0001	-0.0129	0.0064	0.0015	-0.0006	0.0032	0.0124	-0.0226	-0.0245	0.0052	0.0264	-0.0548	
		
2:24	30.00	-0.4364	-0.4359	-0.0745	-0.0823	-0.1711	-0.1454	-0.048	-0.0389	-0.1024	-0.0955	0.0122	0.0042	
		-0.3991	-0.4095	-0.0941	-0.0866	-0.1683	-0.1392	-0.0477	-0.0348	-0.0965	-0.0931	-0.0091	-0.0333	
		-0.2907	-0.3015	-0.0606	-0.0644	-0.1036	-0.0819	-0.0292	-0.0289	-0.0681	-0.0596	0.0044	0.0004	
		-0.1791	-0.1764	-0.036	-0.0206	-0.0711	-0.0709	-0.0136	-0.0192	-0.0508	-0.0341	0.0049	-0.0481	
		-0.0832	-0.0689	-0.0086	-0.014	-0.0273	-0.0167	-0.0173	-0.0115	-0.0284	-0.0239	0.0215	-0.0066	
		-0.0344	-0.0421	-0.0028	-0.0018	-0.0119	-0.0193	-0.0046	-0.0077	-0.0145	-0.0057	0.0135	-0.0462	
		-0.0027	-0.0238	-0.0041	-0.0031	-0.0115	-0.009	0.0023	-0.0046	-0.0116	0.0049	0.0292	-0.043	
		-0.0021	-0.0155	0.006	0.0011	-0.0026	0.0038	0.0116	-0.0232	-0.0254	0.0055	0.0261	-0.0552	
		
2:36	30.00	-0.482	-0.4838	-0.0837	-0.0916	-0.1889	-0.1623	-0.053	-0.0449	-0.1152	-0.1056	0.0117	0.004	
		-0.4404	-0.453	-0.1039	-0.0974	-0.186	-0.1544	-0.0521	-0.0395	-0.1078	-0.1042	-0.0083	-0.0329	
		-0.319	-0.3332	-0.0691	-0.0716	-0.1175	-0.0913	-0.0335	-0.034	-0.0777	-0.0669	0.0061	0.0022	
		-0.1986	-0.1941	-0.0425	-0.0222	-0.0802	-0.0786	-0.0163	-0.0228	-0.0561	-0.0385	0.0062	-0.0453	
		-0.0944	-0.0797	-0.0117	-0.0165	-0.0323	-0.0215	-0.0184	-0.013	-0.0303	-0.0256	0.0217	-0.0054	
		-0.0401	-0.0485	-0.0051	-0.0032	-0.0145	-0.0217	-0.006	-0.0087	-0.016	-0.0068	0.0128	-0.0455	
		-0.0051	-0.0262	-0.0047	-0.0037	-0.0124	-0.0088	0.001	-0.0051	-0.0117	0.0035	0.0285	-0.0442	
		-0.0041	-0.0168	0.0057	0.0011	-0.0021	0.0044	0.0105	-0.0237	-0.0263	0.0035	0.0243	-0.0559	
		
2:48	30.00	-0.5283	-0.5326	-0.0922	-0.1012	-0.2069	-0.1793	-0.0589	-0.0501	-0.1269	-0.1174	0.0104	0.0033	
		-0.4825	-0.4974	-0.1125	-0.1074	-0.2034	-0.1697	-0.057	-0.0443	-0.1189	-0.1151	-0.0091	-0.0328	
		-0.3482	-0.3648	-0.0754	-0.0788	-0.1285	-0.103	-0.0376	-0.0378	-0.0871	-0.0742	0.0051	0.0032	
		-0.2183	-0.2154	-0.0469	-0.0241	-0.0879	-0.0873	-0.0194	-0.0256	-0.0627	-0.0434	0.0049	-0.0465	
		-0.1062	-0.0904	-0.0134	-0.0194	-0.0362	-0.0267	-0.0195	-0.0147	-0.0335	-0.0286	0.0193	-0.0045	
		-0.0449	-0.0532	-0.0067	-0.0044	-0.0162	-0.0241	-0.0077	-0.0099	-0.0179	-0.0081	0.0119	-0.0447	
		-0.0067	-0.0282	-0.0052	-0.0039	-0.0125	-0.011	0.0003	-0.0064	-0.0115	0.0029	0.0295	-0.0437	
		-0.005	-0.0186	0.0047	0.0001	-0.0033	0.0038	0.0105	-0.0243	-0.0253	0.0029	0.0257	-0.0541	
		
3:00	30.00	-0.5757	-0.5825	-0.0984	-0.1111	-0.2254	-0.1965	-0.0647	-0.0559	-0.1396	-0.1295	0.0088	0.0014	
		-0.5249	-0.5421	-0.1214	-0.1175	-0.2215	-0.1853	-0.0617	-0.0499	-0.1313	-0.1289	-0.0101	-0.0334	
		-0.3805	-0.3969	-0.0825	-0.0866	-0.1408	-0.1128	-0.0414	-0.0426	-0.0962	-0.0834	0.0056	0.0031	
		-0.238	-0.2354	-0.0524	-0.0225	-0.0951	-0.0964	-0.0216	-0.0288	-0.0705	-0.0499	0.0062	-0.0468	
		-0.1188	-0.1015	-0.0147	-0.0221	-0.0396	-0.0317	-0.0189	-0.0164	-0.0373	-0.0334	0.0189	-0.0039	
		-0.0509	-0.0599	-0.0088	-0.0058	-0.0187	-0.0266	-0.009	-0.0104	-0.0202	-0.0108	0.0121	-0.0457	
		-0.0088	-0.0308	-0.0064	-0.0051	-0.0141	-0.0124	-0.0013	-0.0064	-0.0156	0.0009	0.0282	-0.044	
		-0.0072	-0.0213	0.0036	-0.0002	-0.0058	0.0026	0.0079	-0.0249	-0.0269	0.0016	0.0252	-0.0559	
		
3:12	30.00	-0.6235	-0.6334	-0.1	-0.1208	-0.2453	-0.2144	-0.0693	-0.0614	-0.1519	-0.1413	0.0084	0.0018	
		-0.5672	-0.5883	-0.1316	-0.1265	-0.2411	-0.2017	-0.0664	-0.0553	-0.143	-0.1408	-0.0107	-0.0344	
		-0.4153	-0.4304	-0.0907	-0.0948	-0.1546	-0.1248	-0.0462	-0.0473	-0.1035	-0.0908	0.0048	0.0017	
		-0.2576	-0.257	-0.0586	-0.0283	-0.1049	-0.1059	-0.0233	-0.0306	-0.0786	-0.0541	0.0031	-0.0464	
		-0.1321	-0.1132	-0.019	-0.0257	-0.0459	-0.0374	-0.0194	-0.0173	-0.0409	-0.0366	0.0178	-0.0029	
		-0.0567	-0.0636	-0.0112	-0.0068	-0.022	-0.0293	-0.0105	-0.0113	-0.0218	-0.0123	0.0111	-0.0459	
		-0.0075	-0.0328	-0.0075	-0.0062	-0.0148	-0.0144	-0.0016	-0.0068	-0.0159	-0.0015	0.0282	-0.0435	
		-0.0084	-0.0195	0.0034	-0.0005	-0.0057	0.0017	0.0086	-0.0255	-0.0265	0.0006	0.0266	-0.0558	
		
3:24	30.00	-0.6715	-0.6846	-0.1091	-0.1312	-0.2642	-0.2336	-0.076	-0.0671	-0.1643	-0.1549	0.0072	0.0006	
		-0.6084	-0.6333	-0.1403	-0.1355	-0.2594	-0.2172	-0.072	-0.0598	-0.1544	-0.1539	-0.0101	-0.034	
		-0.4496	-0.4629	-0.0972	-0.1023	-0.1665	-0.1353	-0.0521	-0.0517	-0.1096	-0.1	0.005	0.0023	
		-0.2762	-0.2787	-0.0633	-0.0332	-0.1145	-0.1146	-0.0288	-0.0347	-0.0865	-0.0601	0.0048	-0.045	
		-0.1443	-0.1244	-0.0207	-0.0291	-0.0499	-0.0429	-0.0211	-0.0203	-0.0445	-0.0405	0.0184	-0.004	
		-0.0627	-0.0714	-0.0127	-0.0093	-0.0253	-0.0325	-0.0126	-0.0124	-0.0237	-0.0148	0.0111	-0.0448	
		-0.0132	-0.0356	-0.0084	-0.0083	-0.017	-0.0167	-0.0022	-0.007	-0.0166	-0.0023	0.0271	-0.0434	
		-0.0121	-0.0254	0.0021	-0.0016	-0.0083	-0.0024	0.0086	-0.0254	-0.0265	0.0004	0.0248	-0.0564	
		
3:36	30.00	-0.7202	-0.7335	-0.1288	-0.141	-0.283	-0.251	-0.0813	-0.0732	-0.1785	-0.1682	0.0068	0.0006	
		-0.6509	-0.6782	-0.1496	-0.1451	-0.2806	-0.233	-0.0763	-0.0646	-0.167	-0.1668	-0.0103	-0.0344	
		-0.4842	-0.4967	-0.1049	-0.11	-0.179	-0.1481	-0.0555	-0.0573	-0.1181	-0.1092	0.0044	0.002	
		-0.2962	-0.3015	-0.0693	-0.0391	-0.1247	-0.1242	-0.0304	-0.0386	-0.0945	-0.066	0.005	-0.046	
		-0.1577	-0.136	-0.0238	-0.0325	-0.0564	-0.0486	-0.0216	-0.0234	-0.0494	-0.0448	0.0182	-0.0049	
		-0.0688	-0.0765	-0.0148	-0.0113	-0.0284	-0.0359	-0.0142	-0.0144	-0.0271	-0.0174	0.0109	-0.0447	
		-0.0173	-0.0368	-0.0097	-0.0095	-0.0191	-0.0185	-0.0035	-0.0087	-0.0191	-0.0046	0.0287	-0.0451	
		-0.0114	-0.0256	0.0014	-0.002	-0.0083	-0.0046	0.006	-0.0263	-0.0285	-0.001	0.0233	-0.0563	
		
3:48	30.00	-0.7699	-0.791	-0.1378	-0.1512	-0.3026	-0.269	-0.0863	-0.0785	-0.1913	-0.1806	0.0064	-0.0001	
		-0.6926	-0.7249	-0.1585	-0.1551	-0.2996	-0.2491	-0.0805	-0.069	-0.1792	-0.1782	-0.0108	-0.0345	
		-0.517	-0.5302	-0.1116	-0.1181	-0.19	-0.1608	-0.0601	-0.0611	-0.129	-0.1175	0.0033	0.0036	
		-0.3154	-0.3243	-0.0742	-0.0459	-0.1325	-0.134	-0.0337	-0.0404	-0.101	-0.0711	0.0048	-0.046	
		-0.1701	-0.1483	-0.0257	-0.0358	-0.0607	-0.0544	-0.0236	-0.0246	-0.0526	-0.0474	0.0181	-0.0044	
		-0.0753	-0.0826	-0.0174	-0.0139	-0.0318	-0.0389	-0.0156	-0.0148	-0.0288	-0.0191	0.011	-0.0451	
		-0.0209	-0.0406	-0.0118	-0.0111	-0.0216	-0.0201	-0.0028	-0.0091	-0.0203	-0.0057	0.0281	-0.0452	
		-0.0145	-0.0279	-0.0004	-0.0022	-0.0096	-0.0059	0.0071	-0.027	-0.0305	-0.0016	0.024	-0.0566	
		
4:00	30.00	-0.8228	-0.8441	-0.1463	-0.1607	-0.3216	-0.2868	-0.0919	-0.0836	-0.2044	-0.194	0.0053	-0.0003	
		-0.7351	-0.7714	-0.1675	-0.1645	-0.3186	-0.2659	-0.0861	-0.074	-0.1919	-0.1913	-0.0117	-0.0348	
		-0.5494	-0.5645	-0.1194	-0.1252	-0.2012	-0.1725	-0.0644	-0.0658	-0.1404	-0.1255	0.0034	0.0035	
		-0.3353	-0.3478	-0.0804	-0.0519	-0.1407	-0.1423	-0.0375	-0.045	-0.1092	-0.0765	0.0046	-0.0478	
		-0.1833	-0.1588	-0.0288	-0.0401	-0.0653	-0.0589	-0.0276	-0.0273	-0.0573	-0.0514	0.0175	-0.0042	
		-0.0805	-0.0878	-0.0189	-0.0158	-0.0345	-0.0418	-0.0166	-0.0165	-0.0311	-0.0211	0.0105	-0.0445	
		-0.024	-0.0417	-0.0122	-0.0115	-0.0234	-0.0224	-0.0034	-0.009	-0.0208	-0.0074	0.0263	-0.0445	
		-0.0151	-0.0283	0.0007	-0.0019	-0.0107	-0.0083	0.0064	-0.027	-0.0309	-0.0024	0.0236	-0.0559	
		
4:12	30.00	-0.8745	-0.8981	-0.1548	-0.1703	-0.3415	-0.3049	-0.0969	-0.0887	-0.2183	-0.2068	0.0054	0	
		-0.778	-0.8198	-0.1768	-0.1747	-0.3385	-0.2821	-0.091	-0.0779	-0.2031	-0.2036	-0.0117	-0.0326	
		-0.58	-0.5983	-0.1267	-0.1333	-0.2141	-0.1841	-0.0668	-0.0687	-0.1506	-0.1338	0.004	0.004	
		-0.3542	-0.3702	-0.0859	-0.0567	-0.15	-0.1515	-0.0395	-0.0472	-0.1144	-0.082	0.0056	-0.0453	
		-0.1947	-0.1721	-0.0316	-0.0432	-0.0709	-0.0641	-0.0303	-0.029	-0.0595	-0.0545	0.0183	-0.0027	
		-0.0863	-0.0937	-0.0211	-0.0181	-0.038	-0.045	-0.0179	-0.017	-0.0322	-0.0231	0.01	-0.0449	
		-0.0273	-0.0448	-0.0145	-0.0128	-0.026	-0.0238	-0.004	-0.0089	-0.0223	-0.009	0.0261	-0.044	
		-0.018	-0.0314	-0.0008	-0.0034	-0.0126	-0.0135	0.0049	-0.028	-0.0333	-0.0034	0.0221	-0.0565	
		
4:24	30.00	-0.9271	-0.9523	-0.1658	-0.1796	-0.3611	-0.3228	-0.1017	-0.0937	-0.2315	-0.2197	0.0052	0	
		-0.8238	-0.867	-0.1848	-0.1839	-0.3581	-0.298	-0.0959	-0.0819	-0.2156	-0.2152	-0.0112	-0.032	
		-0.6117	-0.6326	-0.1327	-0.1404	-0.2275	-0.1965	-0.0701	-0.0715	-0.1605	-0.1419	0.0037	0.0029	
		-0.3747	-0.3931	-0.0902	-0.064	-0.1606	-0.1602	-0.0426	-0.05	-0.1211	-0.088	0.0054	-0.0459	
		-0.207	-0.1841	-0.0339	-0.0467	-0.0757	-0.0694	-0.0326	-0.0306	-0.0639	-0.0577	0.0184	-0.0021	
		-0.0922	-0.0996	-0.0226	-0.0194	-0.0412	-0.0476	-0.0191	-0.018	-0.0342	-0.0247	0.0108	-0.0446	
		-0.0298	-0.0478	-0.0154	-0.0137	-0.0267	-0.025	-0.0043	-0.0101	-0.0231	-0.0104	0.0265	-0.0431	
		-0.0193	-0.0336	-0.0019	-0.0044	-0.0128	-0.0141	0.0047	-0.0281	-0.0338	-0.0043	0.0224	-0.0567	
		
4:36	30.00	-0.9798	-1.0066	-0.1746	-0.1895	-0.3809	-0.3404	-0.1066	-0.0992	-0.2453	-0.2329	0.005	-0.0003	
		-0.8679	-0.9143	-0.1935	-0.1935	-0.378	-0.3142	-0.1007	-0.0867	-0.2276	-0.2279	-0.0126	-0.032	
		-0.6432	-0.667	-0.1406	-0.1484	-0.2408	-0.2088	-0.0737	-0.0745	-0.1694	-0.1508	0.0022	0.003	
		-0.3943	-0.4158	-0.0965	-0.0686	-0.1706	-0.1697	-0.0461	-0.0531	-0.1264	-0.0948	0.0033	-0.0457	
		-0.2184	-0.2003	-0.037	-0.0498	-0.081	-0.0759	-0.035	-0.0332	-0.0673	-0.062	0.0162	-0.0027	
		-0.0986	-0.1064	-0.0243	-0.0216	-0.0447	-0.0509	-0.0192	-0.0193	-0.0347	-0.0271	0.0107	-0.0448	
		-0.0327	-0.0509	-0.0164	-0.015	-0.0288	-0.0264	-0.0053	-0.0108	-0.0249	-0.0114	0.028	-0.0423	
		-0.0212	-0.0353	-0.0035	-0.004	-0.0149	-0.015	0.0043	-0.028	-0.0363	-0.0047	0.0236	-0.0559	
		
4:48	30.00	-1.0331	-1.0599	-0.1839	-0.1996	-0.4005	-0.3588	-0.111	-0.1044	-0.2587	-0.246	0.0042	0.0009	
		-0.9131	-0.9621	-0.2026	-0.2029	-0.3977	-0.3318	-0.105	-0.0914	-0.2397	-0.2396	-0.0119	-0.0322	
		-0.6759	-0.7021	-0.1475	-0.1558	-0.2547	-0.2224	-0.0762	-0.077	-0.1779	-0.1581	0.0033	0.0028	
		-0.4155	-0.4383	-0.1022	-0.0739	-0.1798	-0.1797	-0.0483	-0.0551	-0.1319	-0.0988	0.0126	-0.0455	
		-0.2306	-0.2138	-0.0409	-0.0542	-0.0865	-0.0828	-0.037	-0.0347	-0.0707	-0.065	0.0185	-0.0035	
		-0.1045	-0.1128	-0.0267	-0.0237	-0.0483	-0.0544	-0.0214	-0.0204	-0.0362	-0.0288	0.0112	-0.0444	
		-0.0372	-0.0534	-0.0185	-0.0171	-0.0309	-0.0279	-0.0062	-0.006	-0.0254	-0.0137	0.0258	-0.0425	
		-0.0236	-0.037	-0.0044	-0.0056	-0.0161	-0.0144	0.0032	-0.0286	-0.0355	-0.0062	0.0242	-0.0553	
		
5:00	30.00	-1.0853	-1.1109	-0.1934	-0.2089	-0.4198	-0.3764	-0.1159	-0.1097	-0.2725	-0.2593	0.0037	0.0002	
		-0.9567	-1.0091	-0.2107	-0.2121	-0.4168	-0.3482	-0.1097	-0.096	-0.2522	-0.2513	-0.0123	-0.0336	
		-0.7089	-0.7371	-0.154	-0.1626	-0.2688	-0.2343	-0.0809	-0.0805	-0.1868	-0.1663	0.0037	0.0007	
		-0.4372	-0.4608	-0.1071	-0.0798	-0.1881	-0.1901	-0.0513	-0.0583	-0.1386	-0.1049	0.0054	-0.0482	
		-0.2428	-0.2263	-0.0435	-0.057	-0.0897	-0.0894	-0.0391	-0.0374	-0.075	-0.069	0.0181	-0.005	
		-0.1106	-0.1186	-0.0283	-0.0257	-0.0513	-0.0577	-0.0225	-0.0219	-0.039	-0.0311	0.0101	-0.0454	
		-0.0402	-0.0558	-0.0197	-0.0182	-0.0322	-0.0296	-0.0071	-0.0122	-0.0248	-0.0157	0.0257	-0.043	
		-0.0249	-0.0379	-0.0041	-0.0063	-0.0172	-0.0161	0.0025	-0.0296	-0.0378	-0.0083	0.0216	-0.0555	
		
5:12	30.00	-1.1361	-1.1585	-0.2027	-0.218	-0.4395	-0.3945	-0.1194	-0.115	-0.2861	-0.2731	0.0041	-0.0006	
		-0.9983	-1.0559	-0.2191	-0.221	-0.4356	-0.3651	-0.114	-0.1001	-0.2649	-0.2635	-0.013	-0.0332	
		-0.7416	-0.7737	-0.1611	-0.1695	-0.2824	-0.247	-0.0848	-0.0837	-0.1952	-0.1748	0.0025	0.0014	
		-0.458	-0.483	-0.1128	-0.0848	-0.1974	-0.1993	-0.0548	-0.0604	-0.1448	-0.1112	0.0037	-0.0468	
		-0.2543	-0.2396	-0.0471	-0.0605	-0.0974	-0.0957	-0.0419	-0.0389	-0.0788	-0.0727	0.0173	-0.0035	
		-0.1161	-0.1254	-0.03	-0.0288	-0.0547	-0.0612	-0.0238	-0.023	-0.0409	-0.0331	0.0098	-0.0449	
		-0.0445	-0.0589	-0.0209	-0.0196	-0.034	-0.032	-0.008	-0.0126	-0.0282	-0.016	0.025	-0.0432	
		-0.0281	-0.0399	-0.0059	-0.0073	-0.0187	-0.0176	0.0027	-0.0299	-0.0384	-0.0075	0.0224	-0.0569	
		
5:24	30.00	-1.1856	-1.2027	-0.2125	-0.2276	-0.4588	-0.4121	-0.125	-0.1206	-0.3012	-0.2856	0.0023	-0.0011	
		-1.0402	-1.1029	-0.2283	-0.2307	-0.4544	-0.3817	-0.1185	-0.1049	-0.2774	-0.2755	-0.0142	-0.0339	
		-0.7753	-0.8089	-0.1691	-0.1774	-0.2956	-0.2594	-0.089	-0.0878	-0.2037	-0.1828	0.002	0.0001	
		-0.4804	-0.5055	-0.1193	-0.0914	-0.2076	-0.2083	-0.0572	-0.0635	-0.1511	-0.1168	0.0035	-0.0484	
		-0.267	-0.253	-0.0517	-0.0643	-0.102	-0.1025	-0.044	-0.0407	-0.0836	-0.0766	0.0164	-0.0059	
		-0.1226	-0.1321	-0.0329	-0.0307	-0.0585	-0.0646	-0.0254	-0.0249	-0.044	-0.0356	0.009	-0.0461	
		-0.0478	-0.0615	-0.0219	-0.021	-0.0357	-0.0329	-0.01	-0.0129	-0.0293	-0.0163	0.0248	-0.0435	
		-0.0278	-0.0416	-0.0066	-0.0074	-0.021	-0.017	0.0007	-0.0304	-0.0391	-0.0083	0.0218	-0.0566	
		
5:36	30.00	-1.2309	-1.2403	-0.2214	-0.237	-0.4784	-0.4302	-0.1296	-0.1257	-0.3153	-0.3007	0.0018	-0.0019	
		-1.083	-1.1489	-0.2362	-0.2393	-0.4737	-0.3987	-0.1233	-0.1084	-0.2903	-0.2885	-0.0132	-0.0341	
		-0.8108	-0.845	-0.1758	-0.1841	-0.3099	-0.2723	-0.094	-0.0911	-0.2129	-0.1892	0.0021	-0.0002	
		-0.5023	-0.5288	-0.1251	-0.0968	-0.2162	-0.2182	-0.061	-0.0653	-0.1571	-0.1224	0.0034	-0.0486	
		-0.2794	-0.2666	-0.0557	-0.0678	-0.1096	-0.1101	-0.047	-0.0433	-0.087	-0.0807	0.0174	-0.0055	
		-0.1287	-0.1389	-0.0353	-0.033	-0.0624	-0.0687	-0.027	-0.0244	-0.0462	-0.0377	0.0095	-0.0459	
		-0.0517	-0.0642	-0.024	-0.0229	-0.0376	-0.0356	-0.01	-0.0136	-0.0307	-0.0177	0.0251	-0.0437	
		-0.0319	-0.0429	-0.0086	-0.0093	-0.0203	-0.0192	0.0017	-0.0306	-0.0405	-0.0088	0.022	-0.0573	
		
5:48	30.00	-1.2672	-1.2639	-0.2308	-0.2463	-0.4976	-0.4476	-0.1338	-0.1307	-0.3284	-0.3136	0.0021	-0.0021	
		-1.1266	-1.1932	-0.2445	-0.249	-0.4931	-0.4155	-0.1274	-0.1132	-0.3017	-0.3003	-0.0132	-0.0347	
		-0.8449	-0.8803	-0.1826	-0.1917	-0.3232	-0.2859	-0.0974	-0.0948	-0.2215	-0.1973	0.0023	0.0008	
		-0.5247	-0.5522	-0.1302	-0.1033	-0.2264	-0.2273	-0.0627	-0.0677	-0.1627	-0.1278	0.0031	-0.0496	
		-0.2917	-0.2797	-0.0596	-0.0716	-0.1152	-0.1164	-0.0482	-0.0456	-0.0907	-0.0845	0.0167	-0.0066	
		-0.1357	-0.1452	-0.0374	-0.0347	-0.0659	-0.0717	-0.0275	-0.0273	-0.0494	-0.0396	0.0098	-0.0459	
		-0.0553	-0.0669	-0.0256	-0.0238	-0.0395	-0.0363	-0.0112	-0.0144	-0.0308	-0.0197	0.0253	-0.0437	
		-0.0335	-0.0447	-0.0099	-0.0088	-0.0229	-0.0193	0.0004	-0.0302	-0.0426	-0.0107	0.0226	-0.0567	
		
6:00	30.00	-1.2869	-1.2714	-0.2397	-0.2557	-0.5172	-0.4656	-0.1383	-0.1369	-0.3424	-0.3266	0.0024	-0.0027	
		-1.1709	-1.2355	-0.2532	-0.2576	-0.5124	-0.4324	-0.1316	-0.1175	-0.3127	-0.3122	-0.0132	-0.0344	
		-0.8786	-0.9158	-0.1895	-0.1978	-0.3371	-0.2982	-0.1007	-0.0986	-0.2296	-0.2048	0.0032	0.0003	
		-0.5469	-0.5754	-0.1359	-0.1081	-0.2366	-0.2368	-0.0654	-0.0706	-0.1694	-0.1331	0.0034	-0.0483	
		-0.3039	-0.2922	-0.0637	-0.0757	-0.1217	-0.1231	-0.0503	-0.0474	-0.0942	-0.088	0.0173	-0.0037	
		-0.1419	-0.1517	-0.0395	-0.0373	-0.0694	-0.0752	-0.0292	-0.0287	-0.052	-0.0419	0.01	-0.0452	
		-0.0594	-0.07	-0.0271	-0.0256	-0.0411	-0.039	-0.0124	-0.0151	-0.033	-0.0205	0.0254	-0.0443	
		-0.0364	-0.0477	-0.0109	-0.0099	-0.0234	-0.0201	-0.0002	-0.0314	-0.0432	-0.0108	0.0225	-0.0579	
		
6:12	30.00	-1.2925	-1.2734	-0.2494	-0.2655	-0.5367	-0.4841	-0.1428	-0.1419	-0.3569	-0.3398	0.0019	-0.0033	
		-1.2152	-1.2725	-0.2615	-0.267	-0.5317	-0.4501	-0.1364	-0.1208	-0.3235	-0.3245	-0.0136	-0.0349	
		-0.9127	-0.9522	-0.1969	-0.2055	-0.3498	-0.3114	-0.104	-0.1017	-0.2384	-0.2124	0.0036	-0.0013	
		-0.5696	-0.5999	-0.1421	-0.1134	-0.2448	-0.2478	-0.0683	-0.0722	-0.1754	-0.1392	0.004	-0.0499	
		-0.3164	-0.3065	-0.0684	-0.0797	-0.1261	-0.1306	-0.0525	-0.0491	-0.0985	-0.0924	0.0178	-0.0069	
		-0.148	-0.1587	-0.0418	-0.0389	-0.0726	-0.0786	-0.0296	-0.0295	-0.0544	-0.044	0.0097	-0.0464	
		-0.0625	-0.0637	-0.0276	-0.0266	-0.0428	-0.04	-0.0125	-0.0153	-0.0344	-0.0214	0.0255	-0.0441	
		-0.0378	-0.0485	-0.0105	-0.0105	-0.025	-0.0218	-0.0004	-0.0322	-0.0446	-0.0106	0.0217	-0.0565	
		
6:24	30.00	-1.2933	-1.2739	-0.2583	-0.2762	-0.5561	-0.5018	-0.1477	-0.1474	-0.3703	-0.352	0.0011	-0.0043	
		-1.2558	-1.3002	-0.2707	-0.2776	-0.5508	-0.4664	-0.1407	-0.126	-0.3342	-0.3359	-0.014	-0.0352	
		-0.9468	-0.9876	-0.2032	-0.2133	-0.3638	-0.3232	-0.1086	-0.1053	-0.2466	-0.2193	0.0037	-0.0016	
		-0.5924	-0.6241	-0.1472	-0.1196	-0.2557	-0.2573	-0.072	-0.0755	-0.1833	-0.1439	0.0038	-0.0497	
		-0.329	-0.3199	-0.0724	-0.0843	-0.1328	-0.1363	-0.0553	-0.0512	-0.1026	-0.0941	0.0176	-0.0063	
		-0.1552	-0.1657	-0.0446	-0.042	-0.0775	-0.0822	-0.032	-0.0315	-0.0573	-0.0455	0.0089	-0.0466	
		-0.0661	-0.0645	-0.0296	-0.0289	-0.045	-0.0418	-0.0137	-0.0168	-0.0353	-0.0224	0.0252	-0.0446	
		-0.0399	-0.0509	-0.0122	-0.0118	-0.0255	-0.0249	-0.0002	-0.0326	-0.0448	-0.0123	0.0218	-0.0572	
		
6:36	30.00	-1.2941	-1.2743	-0.2671	-0.2842	-0.5752	-0.5204	-0.1525	-0.153	-0.3835	-0.3644	0.0003	-0.004	
		-1.2934	-1.3137	-0.2793	-0.2863	-0.5696	-0.483	-0.1449	-0.1302	-0.3438	-0.348	-0.0139	-0.0346	
		-0.9805	-1.0234	-0.2102	-0.2195	-0.3761	-0.3348	-0.1116	-0.109	-0.2553	-0.2269	0.0057	-0.0008	
		-0.6152	-0.6472	-0.1528	-0.1246	-0.2643	-0.267	-0.074	-0.0787	-0.1898	-0.15	0.0027	-0.0496	
		-0.3411	-0.3232	-0.0767	-0.087	-0.1384	-0.143	-0.057	-0.0535	-0.1068	-0.0998	0.0169	-0.0059	
		-0.1614	-0.1724	-0.0468	-0.0435	-0.0809	-0.0859	-0.0332	-0.0329	-0.0589	-0.0486	0.0088	-0.0464	
		-0.0694	-0.0781	-0.0304	-0.0298	-0.0467	-0.0434	-0.0146	-0.0164	-0.0366	-0.0235	0.0258	-0.0451	
		-0.0415	-0.0519	-0.0126	-0.012	-0.0269	-0.0265	-0.0019	-0.0323	-0.0463	-0.0126	0.0225	-0.0567	
		
6:48	30.00	-1.2943	-1.2743	-0.277	-0.2951	-0.5946	-0.5391	-0.1576	-0.1583	-0.3967	-0.3768	-0.0002	-0.0048	
		-1.3202	-1.3164	-0.2873	-0.2958	-0.5888	-0.5	-0.1493	-0.1347	-0.3547	-0.3606	-0.0148	-0.0361	
		-1.0142	-1.0588	-0.2166	-0.2272	-0.3898	-0.3472	-0.1146	-0.1119	-0.2635	-0.2339	0.01	-0.0023	
		-0.6378	-0.672	-0.1586	-0.1336	-0.2744	-0.2775	-0.0763	-0.081	-0.1957	-0.1555	0.0031	-0.0513	
		-0.3539	-0.3435	-0.0813	-0.092	-0.1448	-0.1503	-0.0577	-0.0554	-0.111	-0.1038	0.0169	-0.0061	
		-0.1687	-0.1794	-0.0496	-0.0467	-0.085	-0.0902	-0.0345	-0.034	-0.0623	-0.0509	0.0086	-0.0477	
		-0.0737	-0.0812	-0.0323	-0.0318	-0.0493	-0.045	-0.0155	-0.0183	-0.0385	-0.0244	0.025	-0.0453	
		-0.0445	-0.0546	-0.0138	-0.0137	-0.0281	-0.0272	-0.0018	-0.0334	-0.0474	-0.0131	0.0214	-0.0575	
		
7:00	30.00	-1.2943	-1.2743	-0.286	-0.3042	-0.6137	-0.5575	-0.1628	-0.1639	-0.4098	-0.3892	-0.0004	-0.0048	
		-1.3322	-1.3188	-0.296	-0.3043	-0.6074	-0.516	-0.1532	-0.1386	-0.3648	-0.3728	-0.0141	-0.0357	
		-1.048	-1.0944	-0.2235	-0.2337	-0.4032	-0.359	-0.1178	-0.1157	-0.2731	-0.2412	0.0174	-0.0012	
		-0.661	-0.6976	-0.1643	-0.1408	-0.2845	-0.287	-0.0792	-0.0839	-0.2035	-0.161	0.0037	-0.0492	
		-0.3667	-0.3597	-0.0855	-0.0959	-0.1513	-0.1577	-0.061	-0.0572	-0.1149	-0.1081	0.0171	-0.0053	
		-0.1756	-0.1861	-0.0513	-0.0479	-0.0889	-0.094	-0.0359	-0.0355	-0.0644	-0.0533	0.0086	-0.0465	
		-0.077	-0.084	-0.0334	-0.0332	-0.0514	-0.0464	-0.0168	-0.0194	-0.0399	-0.0265	0.0248	-0.0447	
		-0.0455	-0.0563	-0.0138	-0.0149	-0.0291	-0.0272	-0.0036	-0.0342	-0.0485	-0.014	0.0214	-0.0578	
		
7:12	30.00	-1.2943	-1.274	-0.2954	-0.3134	-0.633	-0.5759	-0.1676	-0.1688	-0.4224	-0.4012	-0.0009	-0.0055	
		-1.3354	-1.3191	-0.3046	-0.3129	-0.6255	-0.532	-0.1569	-0.1418	-0.375	-0.3847	-0.0143	-0.0359	
		-1.0814	-1.1291	-0.2302	-0.2407	-0.4156	-0.3709	-0.1204	-0.1184	-0.2811	-0.2484	0.0208	-0.0028	
		-0.6841	-0.722	-0.1687	-0.15	-0.2935	-0.2965	-0.0808	-0.085	-0.2102	-0.1659	0.0043	-0.0511	
		-0.3799	-0.3727	-0.0901	-0.0996	-0.1565	-0.1643	-0.0627	-0.0584	-0.1191	-0.1115	0.0167	-0.0078	
		-0.183	-0.1928	-0.054	-0.0503	-0.0922	-0.0977	-0.037	-0.0369	-0.0664	-0.0523	0.0084	-0.0478	
		-0.0812	-0.0872	-0.0353	-0.0351	-0.0534	-0.0492	-0.0147	-0.0205	-0.0414	-0.0279	0.024	-0.0452	
		-0.048	-0.0587	-0.0149	-0.0156	-0.0307	-0.0271	-0.0027	-0.0348	-0.0494	-0.0153	0.0207	-0.0573	
		
7:24	30.00	-1.2943	-1.2742	-0.3044	-0.3228	-0.6522	-0.5953	-0.1732	-0.1741	-0.4359	-0.4137	-0.0013	-0.0058	
		-1.3365	-1.3195	-0.3134	-0.3214	-0.6437	-0.5477	-0.1613	-0.1462	-0.385	-0.3965	-0.0142	-0.0358	
		-1.115	-1.1643	-0.2373	-0.2485	-0.429	-0.3829	-0.1249	-0.1226	-0.2896	-0.2551	0.0185	-0.0031	
		-0.7077	-0.7486	-0.1746	-0.1575	-0.3036	-0.3066	-0.0843	-0.0894	-0.2172	-0.1707	0.0038	-0.0514	
		-0.3931	-0.3856	-0.0948	-0.1036	-0.1631	-0.172	-0.0656	-0.0613	-0.1232	-0.1162	0.0162	-0.0081	
		-0.1904	-0.201	-0.0569	-0.0524	-0.0961	-0.1022	-0.0391	-0.0388	-0.0695	-0.0558	0.0077	-0.048	
		-0.0834	-0.0902	-0.037	-0.0369	-0.0558	-0.0509	-0.0185	-0.0212	-0.0437	-0.0292	0.0232	-0.0471	
		-0.0495	-0.0609	-0.0166	-0.0169	-0.0307	-0.0286	-0.0035	-0.035	-0.0512	-0.0165	0.0196	-0.0595	
		
7:36	30.00	-1.2942	-1.2742	-0.3131	-0.3324	-0.6713	-0.6145	-0.1777	-0.1794	-0.4472	-0.4258	-0.0007	-0.0054	
		-1.3371	-1.3198	-0.3214	-0.3306	-0.6619	-0.5636	-0.1651	-0.1504	-0.3957	-0.4092	-0.0136	-0.0358	
		-1.1482	-1.1992	-0.2437	-0.2545	-0.4415	-0.3943	-0.1276	-0.1261	-0.2968	-0.2621	0.0162	-0.0028	
		-0.7312	-0.7736	-0.1803	-0.1664	-0.3132	-0.316	-0.0862	-0.0916	-0.2245	-0.1765	0.0042	-0.0516	
		-0.4061	-0.3989	-0.0986	-0.107	-0.1687	-0.178	-0.0666	-0.0626	-0.125	-0.1199	0.0169	-0.0077	
		-0.1976	-0.2082	-0.0588	-0.0547	-0.0996	-0.1055	-0.0398	-0.0394	-0.0717	-0.0598	0.0087	-0.0481	
		-0.0879	-0.093	-0.0381	-0.0381	-0.0573	-0.0531	-0.0192	-0.0211	-0.0437	-0.0301	0.0249	-0.0464	
		-0.051	-0.0628	-0.0163	-0.0177	-0.0329	-0.0309	-0.0034	-0.0349	-0.0526	-0.0155	0.0213	-0.058	
		
7:48	30.00	-1.2945	-1.2743	-0.322	-0.3416	-0.69	-0.6342	-0.1788	-0.1842	-0.4591	-0.4372	-0.0025	-0.0057	
		-1.3375	-1.3201	-0.3298	-0.3389	-0.6799	-0.579	-0.1692	-0.1538	-0.4062	-0.4215	-0.0148	-0.0355	
		-1.1818	-1.2324	-0.2508	-0.2623	-0.4549	-0.4056	-0.1312	-0.1294	-0.3052	-0.2711	0.0114	-0.0002	
		-0.755	-0.7991	-0.1858	-0.1741	-0.3229	-0.3252	-0.0893	-0.0944	-0.2317	-0.1818	0.0028	-0.051	
		-0.4199	-0.4126	-0.1033	-0.1115	-0.1751	-0.1853	-0.0692	-0.0648	-0.1309	-0.1236	0.0158	-0.0079	
		-0.2047	-0.2154	-0.0613	-0.0567	-0.1035	-0.1092	-0.0419	-0.0417	-0.0739	-0.0624	0.0073	-0.0484	
		-0.0912	-0.0956	-0.0395	-0.0404	-0.0587	-0.0551	-0.0203	-0.0227	-0.0466	-0.0319	0.0228	-0.0478	
		-0.0531	-0.0647	-0.0181	-0.0195	-0.0338	-0.0313	-0.0049	-0.0358	-0.0541	-0.0183	0.0197	-0.0602	
		
8:00	30.00	-1.2942	-1.2737	-0.3302	-0.3502	-0.7092	-0.6538	-0.1893	-0.189	-0.4741	-0.4503	-0.0021	-0.0058	
		-1.3372	-1.3196	-0.3384	-0.3477	-0.698	-0.5945	-0.1737	-0.1573	-0.4168	-0.4335	-0.0149	-0.0356	
		-1.2149	-1.2639	-0.2587	-0.2691	-0.4686	-0.4174	-0.1347	-0.1322	-0.3115	-0.2787	0.0096	-0.0024	
		-0.7771	-0.8241	-0.1915	-0.1828	-0.3325	-0.3352	-0.0918	-0.0956	-0.2387	-0.1867	0.0032	-0.0507	
		-0.4336	-0.4259	-0.1077	-0.1152	-0.181	-0.1925	-0.0716	-0.066	-0.1344	-0.1278	0.0159	-0.0058	
		-0.2129	-0.223	-0.064	-0.0596	-0.1075	-0.1139	-0.0437	-0.0428	-0.0765	-0.0644	0.007	-0.0481	
		-0.0954	-0.0993	-0.0414	-0.0422	-0.0626	-0.0571	-0.0213	-0.0236	-0.0477	-0.0328	0.0234	-0.0475	
		-0.0557	-0.0678	-0.0193	-0.0217	-0.0364	-0.031	-0.0054	-0.0363	-0.0542	-0.018	0.0206	-0.0598	
		
Time(hh:mm:ss)		1	2	3	4	5	6	7	8	9	10	11	12		
		-191.049913	-189.939199	-44.07439	-46.462195	-92.239199	-85.569425	-24.689373	-26.360279	-62.911672	-59.50601	-2.64216	-2.219164	
		-191.21176	-193.685889	-44.119774	-46.589373	-91.102091	-78.686498	-22.937456	-21.530488	-56.070122	-57.880749	-1.807056	-1.677352	
		-157.567596	-164.714024	-34.600436	-35.955749	-62.024303	-56.191115	-18.988066	-18.144338	-42.607056	-38.005314	0.543728	-0.655749	
		-100.32953	-107.416986	-26.322474	-23.983711	-43.401916	-43.997387	-13.709669	-13.408101	-31.777787	-26.098345	-0.574129	-1.41176	
		-58.56115	-57.914286	-15.189199	-16.318118	-24.670209	-27.18676	-9.979791	-9.300697	-17.827439	-17.12622	-0.314547	-0.640941	
		-29.76507	-29.631882	-9.641986	-9.198345	-15.125087	-15.519599	-6.566463	-6.749216	-10.480662	-9.511934	-0.75122	-1.492073	
		-15.839373	-12.817073	-6.259843	-5.89608	-8.532491	-8.268293	-3.63946	-2.353136	-6.465331	-5.835714	-0.207666	-1.834843	
		-8.668031	-8.852178	-3.770296	-3.1223	-5.511324	-6.013066	-1.752526	-2.755749	-6.095906	-3.9973	-0.075697	-1.748519	
~End
Copyright © 2003 Molecular Devices. All rights reserved.
